# FONLL heavy quark hadroproduction cross section
# ebeam1 = 6500, ebeam2 = 6500
# PDF set = CTEQ6.6
# beauty to B to J_Psi meson
# BR(q->meson) = 0.7
# BR(B->J/psi) = 0.0116
# theta_min, theta_max, p_min[GeV], p_max[GeV], xsec[pb]
2.262e-03,3.932e-03,2.210e+02,2.543e+02,9.468e+04
2.040e-03,3.546e-03,2.451e+02,2.820e+02,8.583e+04
1.839e-03,3.197e-03,2.719e+02,3.128e+02,7.732e+04
1.658e-03,2.883e-03,3.015e+02,3.468e+02,6.921e+04
1.495e-03,2.600e-03,3.344e+02,3.846e+02,6.154e+04
1.349e-03,2.344e-03,3.708e+02,4.266e+02,5.433e+04
1.216e-03,2.114e-03,4.112e+02,4.731e+02,4.761e+04
1.096e-03,1.906e-03,4.560e+02,5.246e+02,4.139e+04
9.887e-04,1.719e-03,5.057e+02,5.818e+02,3.568e+04
8.915e-04,1.550e-03,5.608e+02,6.452e+02,3.049e+04
8.039e-04,1.398e-03,6.220e+02,7.155e+02,2.580e+04
7.249e-04,1.260e-03,6.897e+02,7.935e+02,2.163e+04
6.536e-04,1.136e-03,7.650e+02,8.800e+02,1.794e+04
5.894e-04,1.025e-03,8.483e+02,9.759e+02,1.470e+04
5.315e-04,9.240e-04,9.408e+02,1.082e+03,1.190e+04
4.793e-04,8.332e-04,1.043e+03,1.200e+03,9.492e+03
4.321e-04,7.513e-04,1.157e+03,1.331e+03,7.452e+03
3.897e-04,6.775e-04,1.283e+03,1.476e+03,5.744e+03
3.514e-04,6.109e-04,1.423e+03,1.637e+03,4.326e+03
3.169e-04,5.509e-04,1.578e+03,1.815e+03,3.164e+03
2.857e-04,4.967e-04,1.750e+03,2.013e+03,2.228e+03
2.576e-04,4.479e-04,1.941e+03,2.233e+03,1.499e+03
2.323e-04,4.039e-04,2.152e+03,2.476e+03,9.565e+02
2.095e-04,3.642e-04,2.387e+03,2.746e+03,5.763e+02
1.889e-04,3.284e-04,2.647e+03,3.045e+03,3.224e+02
1.703e-04,2.961e-04,2.935e+03,3.377e+03,1.635e+02
1.536e-04,2.670e-04,3.256e+03,3.745e+03,7.275e+01
1.385e-04,2.408e-04,3.610e+03,4.153e+03,2.714e+01
1.249e-04,2.171e-04,4.003e+03,4.606e+03,7.349e+00
1.126e-04,1.958e-04,4.440e+03,5.108e+03,8.339e-01
4.361e-03,5.579e-03,2.293e+02,2.689e+02,1.496e+04
3.932e-03,5.030e-03,2.543e+02,2.982e+02,1.370e+04
3.546e-03,4.536e-03,2.820e+02,3.307e+02,1.247e+04
3.197e-03,4.090e-03,3.128e+02,3.667e+02,1.128e+04
2.883e-03,3.688e-03,3.469e+02,4.067e+02,1.014e+04
2.600e-03,3.326e-03,3.846e+02,4.510e+02,9.062e+03
2.344e-03,2.999e-03,4.266e+02,5.002e+02,8.034e+03
2.114e-03,2.704e-03,4.731e+02,5.547e+02,7.072e+03
1.906e-03,2.438e-03,5.247e+02,6.152e+02,6.175e+03
1.719e-03,2.199e-03,5.818e+02,6.822e+02,5.349e+03
1.550e-03,1.983e-03,6.453e+02,7.566e+02,4.591e+03
1.398e-03,1.788e-03,7.155e+02,8.390e+02,3.904e+03
1.260e-03,1.612e-03,7.936e+02,9.305e+02,3.286e+03
1.136e-03,1.454e-03,8.800e+02,1.032e+03,2.737e+03
1.025e-03,1.311e-03,9.760e+02,1.144e+03,2.255e+03
9.240e-04,1.182e-03,1.082e+03,1.269e+03,1.834e+03
8.331e-04,1.066e-03,1.200e+03,1.407e+03,1.472e+03
7.513e-04,9.611e-04,1.331e+03,1.561e+03,1.162e+03
6.774e-04,8.666e-04,1.476e+03,1.731e+03,9.005e+02
6.109e-04,7.814e-04,1.637e+03,1.920e+03,6.802e+02
5.508e-04,7.046e-04,1.816e+03,2.129e+03,4.982e+02
4.967e-04,6.354e-04,2.013e+03,2.361e+03,3.505e+02
4.479e-04,5.729e-04,2.233e+03,2.618e+03,2.347e+02
4.039e-04,5.166e-04,2.476e+03,2.903e+03,1.478e+02
3.641e-04,4.658e-04,2.746e+03,3.220e+03,8.591e+01
3.284e-04,4.201e-04,3.045e+03,3.571e+03,4.504e+01
2.961e-04,3.788e-04,3.377e+03,3.960e+03,2.067e+01
2.670e-04,3.416e-04,3.745e+03,4.392e+03,7.923e+00
2.408e-04,3.080e-04,4.153e+03,4.870e+03,2.138e+00
2.171e-04,2.777e-04,4.606e+03,5.401e+03,1.963e-01
6.186e-03,6.943e-03,2.425e+02,2.881e+02,1.539e+04
5.579e-03,6.261e-03,2.689e+02,3.195e+02,1.403e+04
5.030e-03,5.645e-03,2.982e+02,3.543e+02,1.272e+04
4.536e-03,5.090e-03,3.307e+02,3.929e+02,1.146e+04
4.090e-03,4.590e-03,3.668e+02,4.357e+02,1.026e+04
3.688e-03,4.139e-03,4.067e+02,4.832e+02,9.119e+03
3.325e-03,3.732e-03,4.511e+02,5.359e+02,8.043e+03
2.999e-03,3.365e-03,5.002e+02,5.943e+02,7.042e+03
2.704e-03,3.035e-03,5.548e+02,6.591e+02,6.116e+03
2.438e-03,2.736e-03,6.152e+02,7.309e+02,5.266e+03
2.199e-03,2.467e-03,6.823e+02,8.106e+02,4.492e+03
1.983e-03,2.225e-03,7.566e+02,8.989e+02,3.795e+03
1.788e-03,2.006e-03,8.391e+02,9.969e+02,3.172e+03
1.612e-03,1.809e-03,9.305e+02,1.105e+03,2.623e+03
1.454e-03,1.631e-03,1.032e+03,1.226e+03,2.142e+03
1.311e-03,1.471e-03,1.144e+03,1.360e+03,1.727e+03
1.182e-03,1.326e-03,1.269e+03,1.508e+03,1.372e+03
1.066e-03,1.196e-03,1.407e+03,1.672e+03,1.071e+03
9.610e-04,1.078e-03,1.561e+03,1.854e+03,8.177e+02
8.666e-04,9.725e-04,1.731e+03,2.056e+03,6.070e+02
7.814e-04,8.769e-04,1.920e+03,2.281e+03,4.345e+02
7.046e-04,7.908e-04,2.129e+03,2.529e+03,2.969e+02
6.353e-04,7.130e-04,2.361e+03,2.805e+03,1.915e+02
5.729e-04,6.430e-04,2.618e+03,3.111e+03,1.153e+02
5.166e-04,5.798e-04,2.904e+03,3.450e+03,6.371e+01
4.658e-04,5.228e-04,3.220e+03,3.826e+03,3.143e+01
4.200e-04,4.714e-04,3.571e+03,4.243e+03,1.334e+01
3.788e-04,4.251e-04,3.960e+03,4.705e+03,4.498e+00
3.416e-04,3.833e-04,4.392e+03,5.217e+03,9.289e-01
3.080e-04,3.456e-04,4.870e+03,5.786e+03,4.124e-02
7.699e-03,8.038e-03,2.598e+02,3.110e+02,1.372e+04
6.943e-03,7.249e-03,2.881e+02,3.449e+02,1.246e+04
6.260e-03,6.536e-03,3.195e+02,3.825e+02,1.123e+04
5.645e-03,5.894e-03,3.543e+02,4.242e+02,1.006e+04
5.090e-03,5.314e-03,3.929e+02,4.704e+02,8.956e+03
4.590e-03,4.792e-03,4.357e+02,5.217e+02,7.911e+03
4.139e-03,4.321e-03,4.833e+02,5.786e+02,6.937e+03
3.732e-03,3.897e-03,5.359e+02,6.416e+02,6.034e+03
3.365e-03,3.513e-03,5.943e+02,7.115e+02,5.203e+03
3.035e-03,3.168e-03,6.591e+02,7.891e+02,4.446e+03
2.736e-03,2.857e-03,7.310e+02,8.751e+02,3.764e+03
2.467e-03,2.576e-03,8.106e+02,9.704e+02,3.154e+03
2.225e-03,2.323e-03,8.990e+02,1.076e+03,2.613e+03
2.006e-03,2.095e-03,9.969e+02,1.194e+03,2.140e+03
1.809e-03,1.889e-03,1.106e+03,1.324e+03,1.730e+03
1.631e-03,1.703e-03,1.226e+03,1.468e+03,1.377e+03
1.471e-03,1.536e-03,1.360e+03,1.628e+03,1.079e+03
1.326e-03,1.385e-03,1.508e+03,1.805e+03,8.290e+02
1.196e-03,1.249e-03,1.672e+03,2.002e+03,6.206e+02
1.078e-03,1.126e-03,1.854e+03,2.220e+03,4.494e+02
9.724e-04,1.015e-03,2.057e+03,2.462e+03,3.112e+02
8.769e-04,9.156e-04,2.281e+03,2.731e+03,2.037e+02
7.907e-04,8.256e-04,2.529e+03,3.028e+03,1.245e+02
7.130e-04,7.445e-04,2.805e+03,3.358e+03,7.026e+01
6.429e-04,6.713e-04,3.111e+03,3.724e+03,3.604e+01
5.798e-04,6.053e-04,3.450e+03,4.130e+03,1.628e+01
5.228e-04,5.458e-04,3.826e+03,4.580e+03,6.131e+00
4.714e-04,4.922e-04,4.243e+03,5.079e+03,1.691e+00
4.251e-04,4.438e-04,4.705e+03,5.633e+03,2.246e-01
3.833e-04,4.002e-04,5.218e+03,6.247e+03,3.358e-03
8.914e-03,8.904e-03,2.805e+02,3.369e+02,1.124e+04
8.038e-03,8.029e-03,3.110e+02,3.736e+02,1.014e+04
7.248e-03,7.240e-03,3.449e+02,4.144e+02,9.094e+03
6.536e-03,6.529e-03,3.825e+02,4.595e+02,8.097e+03
5.893e-03,5.887e-03,4.242e+02,5.096e+02,7.159e+03
5.314e-03,5.308e-03,4.704e+02,5.651e+02,6.282e+03
4.792e-03,4.786e-03,5.217e+02,6.268e+02,5.469e+03
4.321e-03,4.316e-03,5.786e+02,6.951e+02,4.720e+03
3.896e-03,3.892e-03,6.417e+02,7.708e+02,4.038e+03
3.513e-03,3.510e-03,7.115e+02,8.548e+02,3.422e+03
3.168e-03,3.164e-03,7.891e+02,9.480e+02,2.870e+03
2.857e-03,2.854e-03,8.751e+02,1.051e+03,2.382e+03
2.576e-03,2.573e-03,9.705e+02,1.166e+03,1.953e+03
2.323e-03,2.320e-03,1.076e+03,1.293e+03,1.581e+03
2.094e-03,2.092e-03,1.194e+03,1.434e+03,1.261e+03
1.889e-03,1.887e-03,1.324e+03,1.590e+03,9.898e+02
1.703e-03,1.701e-03,1.468e+03,1.764e+03,7.619e+02
1.536e-03,1.534e-03,1.628e+03,1.956e+03,5.731e+02
1.385e-03,1.383e-03,1.805e+03,2.169e+03,4.183e+02
1.249e-03,1.247e-03,2.002e+03,2.405e+03,2.931e+02
1.126e-03,1.125e-03,2.220e+03,2.667e+03,1.938e+02
1.015e-03,1.014e-03,2.462e+03,2.958e+03,1.194e+02
9.155e-04,9.145e-04,2.731e+03,3.281e+03,6.779e+01
8.256e-04,8.246e-04,3.028e+03,3.638e+03,3.492e+01
7.444e-04,7.436e-04,3.358e+03,4.035e+03,1.611e+01
6.713e-04,6.705e-04,3.724e+03,4.474e+03,6.420e+00
6.053e-04,6.046e-04,4.130e+03,4.962e+03,2.031e+00
5.458e-04,5.452e-04,4.580e+03,5.503e+03,4.110e-01
4.922e-04,4.916e-04,5.079e+03,6.102e+03,2.674e-02
9.874e-03,9.584e-03,3.038e+02,3.652e+02,8.745e+03
8.904e-03,8.642e-03,3.369e+02,4.050e+02,7.842e+03
8.028e-03,7.793e-03,3.737e+02,4.491e+02,6.986e+03
7.240e-03,7.027e-03,4.144e+02,4.981e+02,6.180e+03
6.528e-03,6.336e-03,4.596e+02,5.524e+02,5.426e+03
5.887e-03,5.714e-03,5.096e+02,6.126e+02,4.726e+03
5.308e-03,5.152e-03,5.652e+02,6.794e+02,4.081e+03
4.786e-03,4.646e-03,6.268e+02,7.534e+02,3.493e+03
4.316e-03,4.189e-03,6.951e+02,8.355e+02,2.962e+03
3.892e-03,3.778e-03,7.708e+02,9.265e+02,2.486e+03
3.509e-03,3.406e-03,8.549e+02,1.028e+03,2.065e+03
3.164e-03,3.072e-03,9.480e+02,1.139e+03,1.695e+03
2.853e-03,2.770e-03,1.051e+03,1.264e+03,1.374e+03
2.573e-03,2.497e-03,1.166e+03,1.401e+03,1.098e+03
2.320e-03,2.252e-03,1.293e+03,1.554e+03,8.623e+02
2.092e-03,2.031e-03,1.434e+03,1.724e+03,6.650e+02
1.886e-03,1.831e-03,1.590e+03,1.911e+03,5.011e+02
1.701e-03,1.651e-03,1.764e+03,2.120e+03,3.673e+02
1.534e-03,1.489e-03,1.956e+03,2.351e+03,2.596e+02
1.383e-03,1.343e-03,2.169e+03,2.607e+03,1.742e+02
1.247e-03,1.211e-03,2.405e+03,2.891e+03,1.085e+02
1.125e-03,1.092e-03,2.667e+03,3.206e+03,6.170e+01
1.014e-03,9.843e-04,2.958e+03,3.556e+03,3.163e+01
9.145e-04,8.876e-04,3.281e+03,3.943e+03,1.418e+01
8.245e-04,8.003e-04,3.638e+03,4.373e+03,5.635e+00
7.436e-04,7.217e-04,4.035e+03,4.850e+03,1.883e+00
6.704e-04,6.508e-04,4.475e+03,5.378e+03,4.626e-01
6.046e-04,5.868e-04,4.962e+03,5.964e+03,5.820e-02
1.063e-02,1.012e-02,3.293e+02,3.953e+02,6.597e+03
9.584e-03,9.125e-03,3.652e+02,4.384e+02,5.880e+03
8.642e-03,8.228e-03,4.050e+02,4.862e+02,5.204e+03
7.793e-03,7.419e-03,4.491e+02,5.391e+02,4.572e+03
7.026e-03,6.690e-03,4.981e+02,5.979e+02,3.984e+03
6.336e-03,6.033e-03,5.524e+02,6.631e+02,3.443e+03
5.713e-03,5.439e-03,6.126e+02,7.354e+02,2.949e+03
5.152e-03,4.905e-03,6.794e+02,8.155e+02,2.503e+03
4.645e-03,4.423e-03,7.534e+02,9.044e+02,2.102e+03
4.189e-03,3.988e-03,8.355e+02,1.003e+03,1.747e+03
3.777e-03,3.596e-03,9.266e+02,1.112e+03,1.435e+03
3.406e-03,3.243e-03,1.028e+03,1.233e+03,1.164e+03
3.071e-03,2.924e-03,1.140e+03,1.368e+03,9.314e+02
2.770e-03,2.637e-03,1.264e+03,1.517e+03,7.333e+02
2.497e-03,2.378e-03,1.402e+03,1.682e+03,5.668e+02
2.252e-03,2.144e-03,1.554e+03,1.866e+03,4.279e+02
2.030e-03,1.933e-03,1.724e+03,2.069e+03,3.142e+02
1.831e-03,1.743e-03,1.911e+03,2.294e+03,2.231e+02
1.651e-03,1.572e-03,2.120e+03,2.545e+03,1.517e+02
1.489e-03,1.417e-03,2.351e+03,2.822e+03,9.679e+01
1.342e-03,1.278e-03,2.607e+03,3.130e+03,5.604e+01
1.211e-03,1.153e-03,2.891e+03,3.471e+03,2.865e+01
1.092e-03,1.039e-03,3.207e+03,3.849e+03,1.254e+01
9.843e-04,9.371e-04,3.556e+03,4.268e+03,4.499e+00
8.875e-04,8.450e-04,3.944e+03,4.734e+03,1.454e+00
8.003e-04,7.620e-04,4.373e+03,5.249e+03,3.794e-01
7.216e-04,6.871e-04,4.850e+03,5.822e+03,6.459e-02
6.508e-04,6.196e-04,5.378e+03,6.456e+03,3.838e-03
1.122e-02,1.054e-02,3.565e+02,4.269e+02,4.894e+03
1.012e-02,9.506e-03,3.953e+02,4.734e+02,4.335e+03
9.124e-03,8.572e-03,4.384e+02,5.250e+02,3.812e+03
8.228e-03,7.729e-03,4.862e+02,5.822e+02,3.324e+03
7.419e-03,6.969e-03,5.392e+02,6.457e+02,2.876e+03
6.690e-03,6.285e-03,5.979e+02,7.160e+02,2.465e+03
6.032e-03,5.667e-03,6.631e+02,7.941e+02,2.094e+03
5.439e-03,5.110e-03,7.354e+02,8.806e+02,1.760e+03
4.905e-03,4.608e-03,8.156e+02,9.766e+02,1.464e+03
4.423e-03,4.155e-03,9.044e+02,1.083e+03,1.204e+03
3.988e-03,3.747e-03,1.003e+03,1.201e+03,9.785e+02
3.596e-03,3.379e-03,1.112e+03,1.332e+03,7.836e+02
3.243e-03,3.046e-03,1.234e+03,1.477e+03,6.180e+02
2.924e-03,2.747e-03,1.368e+03,1.638e+03,4.789e+02
2.637e-03,2.477e-03,1.517e+03,1.817e+03,3.631e+02
2.378e-03,2.234e-03,1.682e+03,2.015e+03,2.676e+02
2.144e-03,2.014e-03,1.866e+03,2.234e+03,1.904e+02
1.933e-03,1.816e-03,2.069e+03,2.478e+03,1.302e+02
1.743e-03,1.638e-03,2.295e+03,2.748e+03,8.453e+01
1.572e-03,1.477e-03,2.545e+03,3.047e+03,5.081e+01
1.417e-03,1.332e-03,2.822e+03,3.380e+03,2.692e+01
1.278e-03,1.201e-03,3.130e+03,3.748e+03,1.186e+01
1.152e-03,1.083e-03,3.471e+03,4.156e+03,3.950e+00
1.039e-03,9.763e-04,3.849e+03,4.609e+03,1.002e+00
9.370e-04,8.803e-04,4.269e+03,5.112e+03,2.434e-01
8.450e-04,7.939e-04,4.734e+03,5.669e+03,4.488e-02
7.619e-04,7.158e-04,5.250e+03,6.287e+03,4.397e-03
1.169e-02,1.088e-02,3.849e+02,4.596e+02,3.604e+03
1.054e-02,9.810e-03,4.269e+02,5.097e+02,3.172e+03
9.505e-03,8.846e-03,4.734e+02,5.652e+02,2.770e+03
8.572e-03,7.977e-03,5.250e+02,6.268e+02,2.400e+03
7.729e-03,7.193e-03,5.822e+02,6.952e+02,2.059e+03
6.969e-03,6.486e-03,6.457e+02,7.709e+02,1.752e+03
6.284e-03,5.848e-03,7.161e+02,8.550e+02,1.475e+03
5.667e-03,5.274e-03,7.941e+02,9.481e+02,1.229e+03
5.110e-03,4.755e-03,8.807e+02,1.051e+03,1.012e+03
4.608e-03,4.288e-03,9.766e+02,1.166e+03,8.226e+02
4.155e-03,3.866e-03,1.083e+03,1.293e+03,6.603e+02
3.747e-03,3.487e-03,1.201e+03,1.434e+03,5.219e+02
3.378e-03,3.144e-03,1.332e+03,1.590e+03,4.053e+02
3.046e-03,2.835e-03,1.477e+03,1.764e+03,3.085e+02
2.747e-03,2.556e-03,1.638e+03,1.956e+03,2.290e+02
2.477e-03,2.305e-03,1.817e+03,2.169e+03,1.640e+02
2.233e-03,2.079e-03,2.015e+03,2.406e+03,1.125e+02
2.014e-03,1.874e-03,2.234e+03,2.668e+03,7.355e+01
1.816e-03,1.690e-03,2.478e+03,2.959e+03,4.529e+01
1.638e-03,1.524e-03,2.748e+03,3.281e+03,2.537e+01
1.477e-03,1.374e-03,3.048e+03,3.639e+03,1.199e+01
1.332e-03,1.239e-03,3.380e+03,4.035e+03,4.222e+00
1.201e-03,1.117e-03,3.748e+03,4.475e+03,8.323e-01
1.083e-03,1.008e-03,4.156e+03,4.962e+03,1.252e-01
9.762e-04,9.085e-04,4.610e+03,5.504e+03,2.040e-02
8.803e-04,8.193e-04,5.112e+03,6.103e+03,2.282e-03
1.206e-02,1.115e-02,4.145e+02,4.933e+02,2.650e+03
1.088e-02,1.006e-02,4.596e+02,5.470e+02,2.317e+03
9.809e-03,9.067e-03,5.097e+02,6.066e+02,2.010e+03
8.846e-03,8.176e-03,5.652e+02,6.727e+02,1.729e+03
7.976e-03,7.372e-03,6.269e+02,7.461e+02,1.473e+03
7.193e-03,6.648e-03,6.952e+02,8.273e+02,1.242e+03
6.485e-03,5.994e-03,7.710e+02,9.175e+02,1.037e+03
5.848e-03,5.405e-03,8.550e+02,1.017e+03,8.559e+02
5.273e-03,4.874e-03,9.482e+02,1.128e+03,6.974e+02
4.755e-03,4.395e-03,1.051e+03,1.251e+03,5.609e+02
4.288e-03,3.963e-03,1.166e+03,1.388e+03,4.443e+02
3.866e-03,3.574e-03,1.293e+03,1.539e+03,3.461e+02
3.486e-03,3.222e-03,1.434e+03,1.707e+03,2.642e+02
3.144e-03,2.906e-03,1.590e+03,1.893e+03,1.972e+02
2.835e-03,2.620e-03,1.764e+03,2.099e+03,1.429e+02
2.556e-03,2.363e-03,1.956e+03,2.328e+03,9.906e+01
2.305e-03,2.130e-03,2.169e+03,2.582e+03,6.492e+01
2.079e-03,1.921e-03,2.406e+03,2.863e+03,4.022e+01
1.874e-03,1.732e-03,2.668e+03,3.175e+03,2.339e+01
1.690e-03,1.562e-03,2.959e+03,3.521e+03,1.212e+01
1.524e-03,1.408e-03,3.281e+03,3.905e+03,4.968e+00
1.374e-03,1.270e-03,3.639e+03,4.330e+03,1.249e+00
1.239e-03,1.145e-03,4.035e+03,4.803e+03,9.370e-02
1.117e-03,1.033e-03,4.475e+03,5.326e+03,5.199e-03
1.007e-03,9.312e-04,4.963e+03,5.906e+03,4.810e-04
1.237e-02,1.137e-02,4.448e+02,5.276e+02,1.953e+03
1.115e-02,1.025e-02,4.933e+02,5.851e+02,1.697e+03
1.005e-02,9.246e-03,5.470e+02,6.489e+02,1.462e+03
9.067e-03,8.338e-03,6.066e+02,7.196e+02,1.248e+03
8.175e-03,7.518e-03,6.728e+02,7.981e+02,1.056e+03
7.372e-03,6.780e-03,7.461e+02,8.850e+02,8.835e+02
6.647e-03,6.113e-03,8.274e+02,9.815e+02,7.306e+02
5.994e-03,5.512e-03,9.175e+02,1.088e+03,5.971e+02
5.405e-03,4.970e-03,1.018e+03,1.207e+03,4.815e+02
4.874e-03,4.482e-03,1.128e+03,1.339e+03,3.827e+02
4.395e-03,4.041e-03,1.252e+03,1.485e+03,2.992e+02
3.963e-03,3.644e-03,1.388e+03,1.646e+03,2.294e+02
3.573e-03,3.286e-03,1.539e+03,1.826e+03,1.720e+02
3.222e-03,2.963e-03,1.707e+03,2.025e+03,1.256e+02
2.905e-03,2.672e-03,1.893e+03,2.246e+03,8.859e+01
2.620e-03,2.409e-03,2.099e+03,2.490e+03,5.897e+01
2.362e-03,2.173e-03,2.328e+03,2.762e+03,3.660e+01
2.130e-03,1.959e-03,2.582e+03,3.063e+03,2.127e+01
1.921e-03,1.767e-03,2.863e+03,3.397e+03,1.159e+01
1.732e-03,1.593e-03,3.175e+03,3.767e+03,5.554e+00
1.562e-03,1.436e-03,3.521e+03,4.177e+03,1.978e+00
1.408e-03,1.295e-03,3.905e+03,4.632e+03,3.548e-01
1.270e-03,1.168e-03,4.331e+03,5.137e+03,8.550e-03
1.145e-03,1.053e-03,4.803e+03,5.697e+03,1.159e-05
1.033e-03,9.496e-04,5.326e+03,6.318e+03,3.796e-07
1.261e-02,1.155e-02,4.758e+02,5.627e+02,1.445e+03
1.137e-02,1.042e-02,5.276e+02,6.239e+02,1.249e+03
1.025e-02,9.393e-03,5.852e+02,6.920e+02,1.069e+03
9.246e-03,8.471e-03,6.489e+02,7.674e+02,9.062e+02
8.337e-03,7.638e-03,7.197e+02,8.510e+02,7.600e+02
7.518e-03,6.888e-03,7.981e+02,9.437e+02,6.307e+02
6.779e-03,6.210e-03,8.851e+02,1.047e+03,5.172e+02
6.113e-03,5.600e-03,9.815e+02,1.161e+03,4.184e+02
5.512e-03,5.050e-03,1.089e+03,1.287e+03,3.338e+02
4.970e-03,4.554e-03,1.207e+03,1.427e+03,2.621e+02
4.482e-03,4.106e-03,1.339e+03,1.583e+03,2.021e+02
4.041e-03,3.703e-03,1.485e+03,1.756e+03,1.524e+02
3.644e-03,3.338e-03,1.647e+03,1.947e+03,1.119e+02
3.286e-03,3.011e-03,1.826e+03,2.159e+03,7.981e+01
2.963e-03,2.715e-03,2.025e+03,2.395e+03,5.458e+01
2.672e-03,2.448e-03,2.246e+03,2.655e+03,3.467e+01
2.409e-03,2.207e-03,2.490e+03,2.945e+03,2.015e+01
2.173e-03,1.990e-03,2.762e+03,3.266e+03,1.084e+01
1.959e-03,1.795e-03,3.063e+03,3.622e+03,5.450e+00
1.767e-03,1.618e-03,3.397e+03,4.016e+03,2.403e+00
1.593e-03,1.459e-03,3.767e+03,4.454e+03,7.526e-01
1.436e-03,1.316e-03,4.177e+03,4.940e+03,9.955e-02
1.295e-03,1.187e-03,4.633e+03,5.478e+03,9.833e-04
1.168e-03,1.070e-03,5.137e+03,6.075e+03,6.579e-08
1.281e-02,1.170e-02,5.074e+02,5.982e+02,1.077e+03
1.155e-02,1.055e-02,5.627e+02,6.633e+02,9.241e+02
1.042e-02,9.515e-03,6.240e+02,7.357e+02,7.856e+02
9.393e-03,8.581e-03,6.920e+02,8.158e+02,6.612e+02
8.470e-03,7.737e-03,7.674e+02,9.047e+02,5.505e+02
7.638e-03,6.977e-03,8.510e+02,1.003e+03,4.531e+02
6.887e-03,6.291e-03,9.438e+02,1.113e+03,3.682e+02
6.210e-03,5.673e-03,1.047e+03,1.234e+03,2.949e+02
5.600e-03,5.115e-03,1.161e+03,1.368e+03,2.326e+02
5.050e-03,4.613e-03,1.287e+03,1.518e+03,1.804e+02
4.553e-03,4.159e-03,1.428e+03,1.683e+03,1.371e+02
4.106e-03,3.751e-03,1.583e+03,1.866e+03,1.015e+02
3.702e-03,3.382e-03,1.756e+03,2.070e+03,7.289e+01
3.338e-03,3.050e-03,1.947e+03,2.295e+03,5.064e+01
3.010e-03,2.750e-03,2.159e+03,2.546e+03,3.345e+01
2.715e-03,2.480e-03,2.395e+03,2.823e+03,2.013e+01
2.448e-03,2.236e-03,2.656e+03,3.131e+03,1.079e+01
2.207e-03,2.016e-03,2.945e+03,3.472e+03,5.266e+00
1.990e-03,1.818e-03,3.266e+03,3.850e+03,2.408e+00
1.795e-03,1.639e-03,3.622e+03,4.270e+03,9.582e-01
1.618e-03,1.478e-03,4.017e+03,4.735e+03,2.585e-01
1.459e-03,1.333e-03,4.454e+03,5.251e+03,2.339e-02
1.316e-03,1.202e-03,4.940e+03,5.824e+03,8.794e-05
1.187e-03,1.084e-03,5.478e+03,6.458e+03,1.572e-09
1.298e-02,1.183e-02,5.394e+02,6.341e+02,8.073e+02
1.170e-02,1.067e-02,5.982e+02,7.032e+02,6.887e+02
1.055e-02,9.617e-03,6.634e+02,7.798e+02,5.815e+02
9.515e-03,8.673e-03,7.357e+02,8.648e+02,4.860e+02
8.580e-03,7.820e-03,8.159e+02,9.591e+02,4.014e+02
7.737e-03,7.052e-03,9.047e+02,1.064e+03,3.277e+02
6.976e-03,6.358e-03,1.003e+03,1.180e+03,2.638e+02
6.291e-03,5.734e-03,1.113e+03,1.308e+03,2.092e+02
5.672e-03,5.170e-03,1.234e+03,1.451e+03,1.631e+02
5.115e-03,4.662e-03,1.368e+03,1.609e+03,1.248e+02
4.612e-03,4.204e-03,1.518e+03,1.784e+03,9.338e+01
4.159e-03,3.791e-03,1.683e+03,1.978e+03,6.781e+01
3.750e-03,3.418e-03,1.867e+03,2.194e+03,4.752e+01
3.382e-03,3.082e-03,2.070e+03,2.433e+03,3.207e+01
3.049e-03,2.779e-03,2.296e+03,2.699e+03,2.040e+01
2.750e-03,2.506e-03,2.546e+03,2.993e+03,1.152e+01
2.479e-03,2.260e-03,2.823e+03,3.319e+03,5.574e+00
2.236e-03,2.038e-03,3.131e+03,3.680e+03,2.397e+00
2.016e-03,1.837e-03,3.472e+03,4.082e+03,9.793e-01
1.818e-03,1.657e-03,3.850e+03,4.526e+03,3.435e-01
1.639e-03,1.494e-03,4.270e+03,5.020e+03,7.728e-02
1.478e-03,1.347e-03,4.735e+03,5.567e+03,4.335e-03
1.333e-03,1.215e-03,5.252e+03,6.174e+03,5.904e-06
1.312e-02,1.193e-02,5.718e+02,6.704e+02,6.096e+02
1.183e-02,1.076e-02,6.341e+02,7.434e+02,5.168e+02
1.067e-02,9.703e-03,7.032e+02,8.245e+02,4.336e+02
9.617e-03,8.750e-03,7.798e+02,9.143e+02,3.597e+02
8.672e-03,7.890e-03,8.649e+02,1.014e+03,2.949e+02
7.820e-03,7.115e-03,9.591e+02,1.124e+03,2.387e+02
7.051e-03,6.415e-03,1.064e+03,1.247e+03,1.903e+02
6.358e-03,5.785e-03,1.180e+03,1.383e+03,1.493e+02
5.733e-03,5.216e-03,1.308e+03,1.534e+03,1.151e+02
5.170e-03,4.704e-03,1.451e+03,1.701e+03,8.688e+01
4.662e-03,4.241e-03,1.609e+03,1.886e+03,6.394e+01
4.204e-03,3.825e-03,1.784e+03,2.092e+03,4.546e+01
3.790e-03,3.449e-03,1.979e+03,2.320e+03,3.100e+01
3.418e-03,3.110e-03,2.194e+03,2.572e+03,2.026e+01
3.082e-03,2.804e-03,2.433e+03,2.853e+03,1.237e+01
2.779e-03,2.529e-03,2.699e+03,3.164e+03,6.477e+00
2.506e-03,2.280e-03,2.993e+03,3.509e+03,2.727e+00
2.260e-03,2.056e-03,3.319e+03,3.891e+03,9.923e-01
2.038e-03,1.854e-03,3.681e+03,4.315e+03,3.548e-01
1.837e-03,1.672e-03,4.082e+03,4.785e+03,1.065e-01
1.657e-03,1.507e-03,4.527e+03,5.307e+03,1.924e-02
1.494e-03,1.359e-03,5.020e+03,5.885e+03,5.946e-04
1.323e-02,1.202e-02,6.045e+02,7.070e+02,4.635e+02
1.193e-02,1.084e-02,6.704e+02,7.840e+02,3.906e+02
1.076e-02,9.776e-03,7.435e+02,8.695e+02,3.255e+02
9.703e-03,8.816e-03,8.245e+02,9.642e+02,2.681e+02
8.749e-03,7.949e-03,9.144e+02,1.069e+03,2.181e+02
7.890e-03,7.168e-03,1.014e+03,1.186e+03,1.751e+02
7.114e-03,6.464e-03,1.125e+03,1.315e+03,1.383e+02
6.415e-03,5.829e-03,1.247e+03,1.458e+03,1.073e+02
5.785e-03,5.256e-03,1.383e+03,1.617e+03,8.161e+01
5.216e-03,4.739e-03,1.534e+03,1.794e+03,6.073e+01
4.703e-03,4.273e-03,1.701e+03,1.989e+03,4.395e+01
4.241e-03,3.853e-03,1.886e+03,2.206e+03,3.054e+01
3.824e-03,3.475e-03,2.092e+03,2.446e+03,2.023e+01
3.449e-03,3.133e-03,2.320e+03,2.713e+03,1.277e+01
3.110e-03,2.825e-03,2.573e+03,3.009e+03,7.442e+00
2.804e-03,2.548e-03,2.853e+03,3.336e+03,3.558e+00
2.528e-03,2.297e-03,3.164e+03,3.700e+03,1.222e+00
2.280e-03,2.072e-03,3.509e+03,4.103e+03,3.545e-01
2.056e-03,1.868e-03,3.891e+03,4.551e+03,1.085e-01
1.854e-03,1.684e-03,4.315e+03,5.046e+03,2.697e-02
1.672e-03,1.519e-03,4.786e+03,5.597e+03,3.717e-03
1.507e-03,1.370e-03,5.307e+03,6.206e+03,5.527e-05
1.333e-02,1.210e-02,6.375e+02,7.438e+02,3.549e+02
1.202e-02,1.091e-02,7.070e+02,8.248e+02,2.973e+02
1.084e-02,9.839e-03,7.840e+02,9.147e+02,2.461e+02
9.776e-03,8.872e-03,8.695e+02,1.014e+03,2.013e+02
8.815e-03,8.000e-03,9.643e+02,1.125e+03,1.625e+02
7.949e-03,7.214e-03,1.069e+03,1.248e+03,1.293e+02
7.168e-03,6.505e-03,1.186e+03,1.384e+03,1.011e+02
6.464e-03,5.866e-03,1.315e+03,1.534e+03,7.751e+01
5.828e-03,5.289e-03,1.458e+03,1.702e+03,5.818e+01
5.256e-03,4.770e-03,1.617e+03,1.887e+03,4.268e+01
4.739e-03,4.301e-03,1.794e+03,2.093e+03,3.033e+01
4.273e-03,3.878e-03,1.989e+03,2.321e+03,2.056e+01
3.853e-03,3.497e-03,2.206e+03,2.574e+03,1.319e+01
3.475e-03,3.153e-03,2.446e+03,2.854e+03,7.999e+00
3.133e-03,2.843e-03,2.713e+03,3.165e+03,4.451e+00
2.825e-03,2.564e-03,3.009e+03,3.510e+03,1.904e+00
2.547e-03,2.312e-03,3.337e+03,3.893e+03,4.770e-01
2.297e-03,2.085e-03,3.700e+03,4.317e+03,9.898e-02
2.071e-03,1.880e-03,4.104e+03,4.788e+03,2.512e-02
1.868e-03,1.695e-03,4.551e+03,5.309e+03,4.999e-03
1.684e-03,1.528e-03,5.047e+03,5.888e+03,4.940e-04
1.342e-02,1.217e-02,6.707e+02,7.808e+02,2.736e+02
1.210e-02,1.097e-02,7.438e+02,8.659e+02,2.278e+02
1.091e-02,9.893e-03,8.249e+02,9.603e+02,1.874e+02
9.839e-03,8.921e-03,9.147e+02,1.065e+03,1.521e+02
8.872e-03,8.044e-03,1.014e+03,1.181e+03,1.218e+02
8.000e-03,7.254e-03,1.125e+03,1.310e+03,9.606e+01
7.213e-03,6.540e-03,1.248e+03,1.453e+03,7.434e+01
6.505e-03,5.898e-03,1.384e+03,1.611e+03,5.632e+01
5.865e-03,5.318e-03,1.534e+03,1.786e+03,4.170e+01
5.289e-03,4.796e-03,1.702e+03,1.981e+03,3.012e+01
4.769e-03,4.324e-03,1.887e+03,2.197e+03,2.098e+01
4.301e-03,3.899e-03,2.093e+03,2.436e+03,1.385e+01
3.878e-03,3.516e-03,2.321e+03,2.702e+03,8.575e+00
3.497e-03,3.171e-03,2.574e+03,2.996e+03,4.985e+00
3.153e-03,2.859e-03,2.854e+03,3.323e+03,2.642e+00
2.843e-03,2.578e-03,3.165e+03,3.685e+03,9.947e-01
2.564e-03,2.325e-03,3.511e+03,4.087e+03,1.527e-01
2.312e-03,2.096e-03,3.893e+03,4.532e+03,1.747e-02
2.085e-03,1.890e-03,4.317e+03,5.026e+03,3.497e-03
1.880e-03,1.704e-03,4.788e+03,5.574e+03,5.367e-04
1.695e-03,1.537e-03,5.310e+03,6.182e+03,3.508e-05
1.349e-02,1.222e-02,7.041e+02,8.181e+02,2.123e+02
1.217e-02,1.102e-02,7.808e+02,9.072e+02,1.757e+02
1.097e-02,9.939e-03,8.660e+02,1.006e+03,1.436e+02
9.893e-03,8.963e-03,9.603e+02,1.116e+03,1.157e+02
8.920e-03,8.082e-03,1.065e+03,1.237e+03,9.192e+01
8.044e-03,7.288e-03,1.181e+03,1.372e+03,7.179e+01
7.253e-03,6.571e-03,1.310e+03,1.522e+03,5.498e+01
6.540e-03,5.926e-03,1.453e+03,1.688e+03,4.114e+01
5.897e-03,5.343e-03,1.611e+03,1.872e+03,3.002e+01
5.318e-03,4.818e-03,1.786e+03,2.075e+03,2.132e+01
4.795e-03,4.344e-03,1.981e+03,2.302e+03,1.455e+01
4.324e-03,3.918e-03,2.197e+03,2.553e+03,9.314e+00
3.899e-03,3.533e-03,2.437e+03,2.831e+03,5.560e+00
3.516e-03,3.186e-03,2.702e+03,3.139e+03,3.084e+00
3.170e-03,2.872e-03,2.997e+03,3.482e+03,1.553e+00
2.859e-03,2.590e-03,3.323e+03,3.861e+03,5.139e-01
2.578e-03,2.335e-03,3.685e+03,4.282e+03,4.163e-02
2.325e-03,2.106e-03,4.087e+03,4.748e+03,1.171e-03
2.096e-03,1.899e-03,4.533e+03,5.266e+03,1.556e-04
1.890e-03,1.712e-03,5.026e+03,5.840e+03,1.718e-05
1.704e-03,1.544e-03,5.574e+03,6.476e+03,6.565e-07
